20181122131547,1
20181122132301,1
20181122132551,1
20181122132856,2
20181122134212,3
20181122135008,3
20181122135323,3
20181122142912,4
20181123111845,5
20181123112632,5
20181214120411,6
20181217123251,7
20181217123702,7
20181217124429,7
20181217125841,7
20181217130133,7
20181218103111,7
20181221135813,8
20181227121311,9
20190107131905,10
20190107152901,11
20190120211833,12
20190121123737,13
20190213124316,14
20190415153448,14
20190416171835,15
20190417144032,16
20190417144521,17
20190424103053,18
20190509132612,19
20190509144315,20
20190514134558,21
20190801172856,22
20190806122022,23
20190806123900,24
20190806124213,25
20190809103442,26
